offset:
    x: -0.06
    y: 0.06
    z: 0.00

base2camera:
  degree: 10.300272742216498
  radian: 0.179773673205103
base2kinect:
  degree: 42.75342733405236
  radian: 0.7461880734913553
camera2kinect:
  degree: 32.45315459183586
  radian: 0.5664144002862522


